0 0
0 1.6
-0.416 1.952
-0.27552 3.27584
-0.103158 4.39548
0 0.703278
0.196918 0.608787
0.191732 2.10959
0.247355 3.38548
0.345672 4.46777
0.472531 5.38378
-1.30528 2.89311
-0.99376 4.11136
-0.680241 5.1344
-0.372829 5.99145
-0.0772465 6.70765
0.202646 7.30459
0.464433 7.8008
0.7068 8.2121
2.19337 2.59467
1.96815 3.71774
1.82164 4.68135
1.73564 5.50628
1.69555 6.21091
1.68965 6.81145
1.70866 7.32215
1.74525 7.75548
1.79368 8.12235
1.84952 8.43225
1.90939 8.69343
1.97071 8.91304
-1.92325 4.01413
-1.4742 5.08894
-1.04951 5.98457
1.83311 1.60342
1.62228 2.88959
1.49452 3.99126
0 0.638601
0.025544 2.14281
0.107425 3.42037
0.228126 4.50302
0.374028 5.41844
0.534661 6.19071
0.70209 6.84072
0.870405 7.38653
1.03531 7.84373
1.19376 8.22576
-1.89995 3.68423
-1.46758 4.80759
-1.05514 5.74516
-0.667065 6.52559
-0.305982 7.17343
0 1.14775
0.04591 2.57559
0.142047 3.78741
0.272236 4.81362
0.423946 5.68069
1.527 1.91359
1.37449 3.16547
0.680158 1.55708
0.640418 2.89631
0.660208 4.03625
0.722626 5.0044
0.814409 5.82484
0.925241 6.51854
1.0472 7.10375
1.17427 7.5963
1.95082 2.56842
1.76094 3.70512
1.645 4.67892
1.58541 5.51128
1.56805 6.22117
1.58169 6.82527
1.67382 2.4893
1.52232 3.64896
1.43993 4.64072
1.40957 5.48701
1.32493 2.12337
1.21112 3.35187
1.16353 4.40064
1.05765 1.79867
0.97095 3.08657
0.94877 4.18474
0.973844 5.11908
1.03253 5.91226
1.11414 6.58412
1.21039 7.15194
1.31491 7.63073
1.4229 8.03353
1.5308 8.37158
1.63605 8.65461
1.73682 8.89098
1.83194 9.08786
1.92066 9.2514
2.00262 9.38686
2.32793 3.21353
2.10728 4.23838
1.96072 5.11833
1.87135 5.87215
1.82553 6.51648
1.81236 7.06598
1.82315 7.53359
1.85102 7.93063
1.89059 8.26699
1.93768 8.55132
1.98908 8.79111
2.04236 8.99288
2.09573 9.16226
2.14786 9.30409
2.19784 9.42256
2.30864 3.27285
2.09326 4.28958
1.95085 5.16241
1.86472 5.91002
1.3751 2.34323
0 0.374917
0.0149967 1.91868
0.0894944 3.23028
0.205281 4.34216
0.348175 5.28262
0.507254 6.0763
0.674218 6.74457
0.842868 7.30591
1.00867 7.77631
1.16843 8.16952
2.1122 2.70447
1.90355 3.81432
1.77059 4.76603
1.0689 2.0442
0.990332 3.29481
-0.658585 2.55264
-0.457692 3.79608
-0.237195 4.84498
-0.00781648 5.72772
0.222465 6.46887
0.44785 7.08964
0.664258 7.60828
0.868951 8.04047
1.06023 8.39964
1.23718 8.69729
2.24966 2.84902
-0.290811 2.74421
-0.137421 3.94421
0.0409601 4.95807
0.233139 5.81272
0.430677 6.53149
-1.61205 3.13598
-1.2448 4.33007
-0.884881 5.33035
-0.538935 6.16619
-0.211447 6.86282
0.0947828 7.44186
0.37824 7.92179
0.638375 8.31839
0.875354 8.6451
1.08986 8.91332
1.28291 9.13273
1.45578 9.3115
1.60987 9.45654
1.74666 9.57367
1.8676 9.66775
1.97417 9.74288
2.06776 9.80249
2.1497 9.8494
2.22122 9.886
2.28348 9.91426
2.33753 9.93578
2.38433 9.95191
2.42475 9.96375
2.45959 9.9722
2.48954 9.97799
2.51523 9.98171
2.53721 9.98384
2.55598 9.98478
2.57198 9.98482
2.58557 9.98422
2.59711 9.98316
2.60687 9.9818
2.61511 9.98026
-2.07185 4.39713
-1.58518 5.42044
-1.13059 6.27078
-0.710169 6.97538
-0.324628 7.55748
2.16479 2.16939
1.92685 3.35739
0.651043 1.74675
0.623257 3.0587
0.652116 4.17496
0.721297 5.12263
0.818008 5.92539
0.932322 6.60386
1.05663 7.17599
1.18517 7.65732
1.31369 8.06132
1.43909 8.39957
1.55921 8.68207
1.67261 8.91739
1.77841 9.11288
-2.01367 4.01387
-1.55106 5.09234
-1.11471 5.99053
-0.707881 6.73654
-0.332238 7.35437
0.0117729 7.86451
0.324587 8.28436
0.607273 8.62872
0.861331 8.91012
1.08854 9.13915
1.29082 9.32474
1.47019 9.47439
1.62864 9.59443
1.76812 9.69012
1.8905 9.76587
2.45087 3.27534
2.21425 4.28601
2.05355 5.15453
1.13524 2.21101
1.05339 3.43395
1.03274 4.47672
1.0569 5.3639
1.11292 6.11704
1.19066 6.75497
-1.51816 3.35995
-1.15604 4.51668
1.43808 1.22343
-0.0304775 2.19991
0.0620907 3.47115
0.191623 4.54799
0.344799 5.45813
0.511404 6.22562
0.683718 6.87132
0.856013 7.41327
1.02414 7.86704
1.1852 8.24602
1.33726 8.56171
1.47914 8.82396
1.61023 9.0412
1.73034 9.22061
1.83962 9.36831
1.93841 9.48948
2.36629 3.22146
2.14021 4.24359
1.98892 5.12144
1.89544 5.87367
1.84607 6.5168
1.82983 7.06544
1.83797 7.53243
1.86358 7.92905
1.9012 8.26515
-1.7687 3.85561
-1.34917 4.94802
-0.948873 5.85978
-0.572151 6.61877
-0.221577 7.24884
0.101613 7.77038
0.397186 8.20076
0.665638 8.55475
0.907983 8.84492
1.12558 9.08186
1.32002 9.27456
1.493 9.43057
1.64627 9.55627
1.78158 9.65697
1.90062 9.73717
2.00502 9.80057
2.09629 9.85028
-2.14182 4.24921
-1.65057 5.2975
1.73089 1.28225
1.52254 2.62068
1.39899 3.76667
1.33981 4.74571
1.32866 5.58026
1.35258 6.29008
1.40129 6.89246
1.4668 7.40254
1.54288 7.83349
1.62479 8.19675
1.70894 8.50225
1.79269 8.75855
1.87413 8.97306
1.95193 9.15214
-1.98917 4.06241
1.43585 0.897795
1.25639 2.30569
1.16016 3.50958
1.12652 4.53674
1.13901 5.41117
1.1846 6.15393
1.25307 6.78346
1.33645 7.31582
1.42861 7.76499
1.52492 8.14309
1.62191 8.46063
1.71705 8.72666
1.80856 8.94898
1.89523 9.13429
1.97632 9.28834
2.0514 9.41603
2.12033 9.52157
2.18315 9.60852
2.24002 9.67992
2.29121 9.73833
-2.07372 4.26941
-1.59189 5.31195
-1.14063 6.17883
-0.72238 6.89763
-0.338118 7.49188
-2.01551 3.17045
-1.58637 4.3755
-1.17339 5.38263
-0.782079 6.22217
-0.41588 6.92013
-0.0766929 7.49874
2.11115 2.21976
1.88327 3.40235
1.73687 4.41667
1.65301 5.28469
1.61645 6.02587
1.61501 6.65733
1.63905 7.19413
-1.54266 3.55969
-1.16888 4.68744
-0.806046 5.63108
-0.459896 6.41866
-0.134165 7.07426
0.16893 7.61849
0.44833 8.06896
0.703839 8.44068
0.93589 8.74642
2.30862 2.78247
2.07362 3.87276
1.91749 4.8089
1.82222 5.61086
1.77332 6.29635
1.75918 6.88096
1.77054 7.37845
1.8001 7.80086
1.91423 2.78023
0.491331 1.60495
0 0.256793
0.0102717 1.81827
0.0814619 3.14512
0.195047 4.27009
0.336594 5.22178
0.494976 6.02505
0.661732 6.70149
1.77716 2.22041
1.5994 3.41626
1.49614 4.43985
1.44931 5.31402
1.44448 6.05895
-1.28643 3.2652
-0.962858 4.42688
-0.641354 5.40136
-0.329097 6.21681
-0.03106 6.89745
0.249497 7.46408
0.510635 7.93448
0.75142 8.32389
0.971662 8.64525
1.17172 8.90959
1.35235 9.12629
1.51455 9.30325
1.6595 9.44718
-2.12437 4.06006
-1.64331 5.13603
-1.19137 6.03136
-0.771412 6.77431
-0.384728 7.38902
-0.031458 7.89605
0.289103 8.31291
0.578254 8.65441
0.837692 8.93312
1.06936 9.15964
2.40429 2.91635
2.1603 3.98272
1.99557 4.8989
1.89219 5.68425
1.83573 6.35592
1.81461 6.9291
1.81958 7.41715
-1.56454 3.65028
1.25676 0.909285
1.10462 2.32262
1.03183 3.53004
1.01826 4.55926
1.04789 5.43464
1.10809 6.17753
1.18898 6.80658
1.28289 7.33803
1.38398 7.78601
1.48783 8.16275
2.0624 2.78589
0 0.445743
0.0178297 1.97888
0.0943105 3.28134
0.211417 4.38536
0.355119 5.3191
0.514616 6.10703
0.681705 6.77039
0.850265 7.32757
1.01583 7.79442
1.17523 8.18462
1.32633 8.50992
1.46778 8.78038
1.59883 9.00461
1.71919 9.18997
2.31531 3.09258
2.09172 4.13608
1.9434 5.032
1.85317 5.79946
1.34587 2.3137
1.23654 3.51281
1.19157 4.53642
1.19429 5.4083
-1.1673 3.06451
-0.869623 4.25153
1.32087 1.23426
1.17211 2.59629
1.10015 3.75996
-0.757561 2.68023
-0.536718 3.90849
-0.29987 4.94369
-0.0571423 5.81413
0.183994 6.5443
1.8048 2.05847
1.61642 3.27751
1.50506 4.32122
1.45215 5.21284
1.44284 5.97283
1.46533 6.61919
1.5103 7.1677
1.57046 7.63213
1.90143 2.68003
1.72341 3.80197
1.61698 4.76274
1.56494 5.58365
-1.13876 3.18834
-0.840412 4.35564
-0.540125 5.33591
-0.24567 6.15713
0.037466 6.84339
0.305581 7.41538
0.556359 7.89085
0.788539 8.28497
1.00166 8.61068
1.19584 8.87901
1.37162 9.09933
1.52985 9.27956
1.67156 9.42643
-2.11656 4.05827
-1.63675 5.13419
-1.18587 6.02954
-0.766805 6.77254
-0.380883 7.38733
-0.0282573 7.89447
0.29176 8.31143
0.580453 8.65304
0.839507 8.93187
1.07086 9.15851
1.27657 9.3419
1.45876 9.48955
1.61953 9.60777
1.76091 9.70182
1.88484 9.77611
1.99316 9.8343
2.08756 9.87943
2.1696 9.91401
2.24072 9.94013
2.44713 3.40822
2.21639 4.3991
2.05989 5.25058
1.96093 5.9806
1.90602 6.60507
1.88432 7.13807
1.88719 7.59199
-1.59648 3.70429
-1.20883 4.81251
-0.835009 5.73898
-0.480198 6.51154
-0.147707 7.15401
-1.88959 3.13991
-1.48055 4.34451
-1.08469 5.35205
1.66128 1.44247
1.46979 2.75965
1.3597 3.88691
1.31122 4.84949
1.30852 5.66962
1.33903 6.36683
1.39285 6.95825
-1.53057 3.45117
-1.16294 4.59472
1.46096 1.24037
1.29143 2.59587
1.20155 3.75484
1.17151 4.74355
1.18553 5.58516
